88
39
0
85
84
67
73
30
80
27
33
1
98
36
93
76
76
31
23
93
75
72
33
64
91
9
63
82
96
5
9
39
61
92
43
0
87
14
41
66
27
58
62
11
77
23
72
46
18
83
96
7
53
5
96
28
63
13
26
44
20
70
58
76
39
61
57
32
50
40
6
17
54
96
8
49
93
71
31
1
78
49
55
89
7
7
9
97
42
46
23
40
8
62
26
31
22
99
36
85
88
48
59
44
92
91
8
24
13
23
77
30
71
75
70
71
84
84
4
38
66
62
46
20
45
54
37
24
37
4
1
68
79
5
81
32
44
33
36
31
38
29
45
94
23
85
36
94
95
62
96
39
15
30
2
16
8
65
86
60
28
4
22
23
49
37
73
31
81
5
51
52
67
32
37
16
99
2
93
12
48
39
78
11
31
23
85
33
13
24
41
52
65
36
90
38
91
71
77
20
28
88
98
54
69
87
3
27
5
73
50
79
28
57
34
34
59
34
43
12
72
78
80
98
54
56
80
93
30
51
46
8
13
41
34
71
97
21
13
16
51
15
40
25
62
93
3
17
49
81
4
94
19
58
81
53
55
21
5
83
73
99
12
71
42
6
94
74
50
44
88
12
95
18
78
52
84
56
72
9
72
79
78
40
50
43
86
5
44
24
33
23
25
70
98
63
89
87
7
41
37
92
4
66
35
38
92
7
47
58
58
29
69
91
61
14
37
3
85
14
47
11
59
2
81
5
84
68
9
74
98
15
22
7
96
54
83
78
63
81
65
85
53
80
46
76
59
53
52
2
43
96
58
87
14
51
61
57
57
87
47
15
99
17
61
56
7
62
96
6
49
30
0
30
45
75
26
68
49
26
95
66
6
54
54
32
66
2
10
79
26
42
19
35
58
57
89
75
88
49
33
69
30
13
97
19
62
97
63
18
77
82
29
10
88
63
66
52
55
19
2
49
89
77
10
38
15
48
72
91
22
11
23
21
80
5
86
26
67
25
16
62
90
21
51
35
65
56
53
90
93
87
52
50
59
63
60
30
1
33
32
89
89
55
22
82
73
71
67
65
30
78
31
68
87
32
38
49
50
12
44
25
4
28
79
78
18
82
56
43
81
15
26
48
30
19
57
21
90
21
82
29
62
26
17
29
37
2
74
61
90
61
55
83
56
57
47
70
98
28
74
35
22
33
29
49
34
9
93
42
15
96
98
16
88
80
24
36
86
72
98
32
6
84
85
31
21
53
35
20
19
10
47
25
35
37
66
65
93
56
64
52
46
27
42
21
82
85
62
84
61
8
61
91
68
79
24
88
24
85
18
39
23
20
51
9
8
35
68
72
41
5
69
39
87
29
29
41
21
70
89
35
77
54
13
58
35
60
51
34
8
26
42
70
64
36
24
7
42
48
92
5
54
71
75
86
31
85
94
76
53
75
70
36
91
93
74
31
55
34
27
63
11
82
77
28
85
68
85
19
15
81
17
9
48
50
57
16
20
82
83
64
83
73
83
29
77
53
26
87
10
24
26
58
17
62
50
28
17
87
66
94
78
16
6
64
40
20
69
22
83
94
38
43
82
66
60
97
46
90
50
12
37
9
7
41
84
35
99
20
28
65
24
25
76
87
52
32
87
33
8
43
1
60
3
9
5
41
74
39
38
96
29
13
38
62
14
15
79
83
69
49
96
46
78
93
87
42
76
76
5
64
81
50
6
10
38
72
16
93
54
65
4
11
34
42
64
70
21
10
39
85
78
92
10
39
18
9
40
4
67
49
83
13
62
78
54
73
0
46
47
21
16
81
83
24
43
77
12
27
7
8
65
30
34
85
0
18
67
70
36
81
95
12
81
22
50
24
65
31
69
39
87
41
31
54
33
89
20
19
71
63
87
0
83
64
73
75
77
50
88
62
65
16
20
64
18
47
86
6
53
22
51
38
65
21
14
6
78
23
47
54
30
14
91
43
3
96
41
46
81
16
65
9
13
33
70
48
63
57
11
17
62
25
98
81
32
99
58
33
19
51
69
43
85
48
2
0
69
42
93
18
90
66
20
30
15
6
16
89
31
8
1
45
34
50
46
19
49
95
25
9
96
5
47
64
73
66
5
56
2
17
23
4
39
62
4
47
79
88
67
15
67
61
66
11
31
46
68
32
20
34
54
0
84
18
64
25
92
24
84
83
50
43
89
85
91
72
77
91
11
53
87
54
1
25
65
3
36
59
87
0
72
36
1
77
43
98
33
94
89
69
98
21
59
80
45
63
86
47
