73
26
74
24
19
92
31
17
13
13
71
53
1
20
69
51
85
51
0
89
27
96
72
15
66
22
8
67
47
7
66
97
22
13
4
73
73
84
65
65
48
75
77
78
75
41
85
62
79
38
17
17
29
87
84
42
10
24
43
2
75
81
83
10
5
43
81
28
88
91
43
77
81
15
53
47
95
91
91
57
43
34
62
31
4
66
42
9
1
12
97
26
76
18
33
22
72
34
16
72
96
45
70
20
57
88
60
51
41
41
16
5
70
90
89
34
41
60
87
85
5
27
43
98
92
25
30
37
23
69
11
61
20
30
46
61
19
42
41
15
89
62
50
29
28
29
77
73
64
51
81
3
43
43
19
61
47
6
64
59
50
52
87
4
57
90
87
75
21
61
36
73
43
30
10
73
60
83
20
39
32
71
38
39
32
9
30
39
83
34
57
72
40
9
38
33
51
87
66
35
64
67
41
43
59
93
82
90
7
68
37
62
28
38
23
64
66
40
33
94
20
38
99
99
10
44
40
78
3
56
45
8
86
50
9
58
84
77
72
42
2
79
57
76
42
23
84
93
51
53
46
78
60
71
56
45
45
13
42
28
18
84
19
18
55
93
86
66
25
71
21
50
37
32
24
89
92
41
51
43
62
56
44
17
32
18
83
23
75
25
43
92
55
94
99
78
12
33
48
40
96
11
76
19
42
91
86
67
38
22
16
31
24
16
9
84
33
47
77
5
18
49
83
3
30
38
58
35
66
17
5
74
8
88
73
28
56
74
51
98
69
87
3
36
15
96
18
44
98
27
62
53
24
40
83
10
34
99
77
27
76
80
61
69
98
43
46
11
80
66
65
53
61
62
23
49
96
46
65
20
22
80
57
38
84
62
11
29
90
39
13
28
39
66
81
92
85
30
68
79
75
80
70
13
26
55
22
76
25
48
25
91
88
52
57
37
78
5
32
20
16
76
43
18
75
97
22
69
67
77
17
51
65
95
50
36
7
16
83
58
3
98
32
87
23
90
68
22
74
14
31
0
33
35
78
55
26
82
47
90
75
75
36
52
69
62
58
35
58
14
36
0
7
4
41
20
47
10
66
57
38
61
26
68
70
1
96
29
31
7
13
72
86
50
71
99
90
87
17
7
69
32
70
74
87
98
90
44
83
24
83
68
68
35
14
70
84
47
19
54
38
65
3
49
60
43
59
84
32
14
13
33
16
31
56
55
90
38
65
6
31
44
12
13
95
67
2
92
95
73
83
19
73
11
38
0
84
9
14
23
65
60
22
10
16
64
68
49
59
92
61
9
32
45
99
11
68
59
14
67
24
95
90
88
7
39
46
20
43
58
93
35
8
1
40
6
97
75
57
18
89
77
59
45
63
58
28
73
35
44
65
91
80
95
62
62
15
79
24
40
25
33
24
96
23
12
74
31
12
74
84
65
48
68
19
53
29
76
21
87
30
11
61
27
99
32
52
0
94
40
15
45
36
38
26
15
80
54
83
69
25
99
7
73
90
94
11
91
3
57
10
18
88
52
66
49
16
88
73
32
22
12
10
68
93
84
64
82
66
86
91
11
67
89
42
34
72
16
54
75
38
33
92
23
56
10
34
55
93
78
88
3
45
92
56
70
27
22
86
52
7
77
13
79
5
34
83
65
91
74
36
36
63
57
48
6
55
36
82
16
17
69
15
25
9
81
76
28
15
26
14
19
89
83
53
10
21
70
72
27
78
92
24
55
31
71
95
11
52
37
56
37
83
58
8
73
60
19
11
1
6
51
70
71
11
82
66
46
87
21
81
1
50
0
43
99
32
87
30
10
42
24
39
54
83
99
92
28
34
78
37
45
3
59
40
12
58
46
11
48
91
31
82
78
90
41
77
34
4
71
1
40
10
69
16
4
73
58
45
31
42
97
85
24
80
25
82
86
65
93
46
17
34
4
58
19
49
42
54
74
66
7
80
70
64
71
18
31
95
66
84
85
84
69
1
33
8
68
2
90
91
62
5
45
29
98
33
58
6
16
52
5
50
3
67
82
55
11
64
96
25
95
60
73
68
9
84
86
70
44
43
64
99
82
73
55
97
15
1
4
88
9
77
54
95
82
16
37
21
70
34
48
37
65
50
80
29
19
50
91
99
26
62
40
90
80
83
61
84
30
42
28
27
3
36
35
36
96
26
78
13
5
80
6
65
61
62
95
8
37
20
56
13
84
61
31
28
47
61
19
84
50
61
36
86
74
7
55
30
76
14
85
64
47
0
97
55
45
62
67
