52
81
32
52
70
43
20
90
93
19
81
56
4
42
4
78
31
82
8
77
53
87
65
48
41
24
93
92
49
60
46
13
43
39
91
13
53
21
42
39
14
11
87
26
65
34
45
55
80
51
70
6
39
96
91
9
12
37
31
17
96
47
71
65
99
55
84
31
22
61
89
42
55
75
4
58
10
26
84
8
2
54
82
56
22
83
30
5
77
27
1
88
82
60
78
8
53
45
59
3
75
4
3
95
89
38
9
11
55
77
59
96
62
62
63
36
10
63
95
91
57
46
74
3
68
75
83
76
17
79
85
66
5
21
49
6
22
37
0
8
64
12
27
68
34
76
43
70
75
97
87
8
80
14
64
75
99
65
98
21
48
77
36
25
55
1
82
55
97
74
64
66
52
39
64
47
43
6
35
93
80
16
38
47
31
25
90
43
29
58
83
86
34
19
56
75
51
45
5
32
10
94
71
76
57
55
60
68
96
29
53
30
0
55
45
50
70
69
88
85
86
26
87
0
34
59
63
11
76
17
9
25
85
81
11
68
88
16
18
37
65
40
19
12
8
47
55
14
2
9
70
86
34
11
56
41
85
91
79
57
59
2
83
90
25
96
18
38
90
61
48
23
2
76
61
43
46
47
47
10
1
75
13
97
63
20
20
80
76
96
78
42
96
34
21
24
22
62
41
16
16
64
93
78
62
65
94
26
43
2
2
55
38
16
36
65
35
65
30
31
45
36
67
57
85
76
44
98
76
93
20
16
4
32
57
90
36
38
41
98
5
60
53
10
50
6
70
14
49
66
11
37
50
70
48
56
56
61
61
96
47
87
16
48
45
27
24
63
56
36
16
19
25
97
40
88
58
65
2
3
60
63
54
12
99
23
69
39
93
55
74
29
87
57
98
82
89
11
98
47
86
9
70
82
94
50
26
24
47
99
20
20
64
24
53
69
27
26
42
28
91
16
8
10
71
29
92
60
28
8
4
69
10
19
59
22
22
26
87
47
36
98
33
70
13
73
17
90
53
65
40
22
36
78
61
25
63
32
37
40
0
46
58
46
46
4
78
34
35
47
10
40
61
85
27
31
14
35
47
3
45
90
49
66
92
1
9
67
62
49
96
48
76
5
64
34
32
69
68
10
96
85
83
19
38
38
7
84
5
21
45
42
47
85
10
4
93
86
40
48
25
49
50
83
47
28
73
37
16
8
10
3
14
64
45
82
75
56
20
23
61
72
91
76
55
66
55
51
58
90
20
65
9
99
34
46
52
23
26
59
20
11
10
59
56
13
4
35
42
88
25
66
0
48
46
49
56
64
91
57
40
23
14
82
99
41
97
8
47
90
86
41
94
66
6
48
80
73
84
8
32
75
39
91
62
77
47
14
4
46
43
35
17
36
70
79
87
95
57
13
55
82
23
84
48
51
83
32
45
64
46
84
98
85
87
23
98
42
79
67
77
52
65
48
2
62
96
73
6
27
22
67
58
5
90
4
16
76
61
15
20
4
61
41
61
69
26
80
21
26
99
52
85
42
20
89
78
70
21
9
22
39
21
12
81
89
7
71
61
29
8
39
62
18
81
96
78
4
67
40
41
66
85
10
58
50
88
73
63
0
13
10
99
25
74
14
66
38
63
91
5
99
93
92
12
30
0
95
2
72
93
36
85
72
84
1
85
50
23
48
55
97
46
63
80
96
72
31
43
13
87
44
5
23
1
31
82
12
85
75
28
9
47
83
26
65
33
45
88
52
69
41
12
47
58
41
83
10
86
32
69
12
51
59
87
51
70
82
12
6
77
46
3
19
35
77
93
99
27
44
37
59
7
20
90
94
65
80
30
81
54
58
66
84
90
78
36
5
22
21
60
98
46
43
67
18
13
11
1
18
18
33
97
42
96
84
33
40
88
5
36
7
55
89
65
47
97
46
97
58
66
29
85
3
98
92
33
79
43
1
55
20
18
54
97
14
96
38
57
18
12
54
5
16
45
83
39
76
85
10
71
35
40
87
59
78
3
26
33
88
24
13
53
78
63
42
49
96
36
18
22
80
42
71
90
91
41
5
7
68
70
15
93
12
97
27
72
12
79
75
36
11
36
32
53
7
81
38
52
4
78
92
81
43
56
13
95
53
51
78
1
79
19
52
50
85
67
17
94
95
19
13
67
92
80
55
79
98
13
45
41
15
89
99
11
8
74
49
21
47
4
85
28
47
68
20
13
5
24
31
40
6
25
53
23
80
41
19
13
37
29
54
30
27
31
28
91
16
93
85
