72
72
16
90
49
15
30
81
91
99
0
1
95
89
42
95
89
62
8
99
18
26
55
14
13
54
90
36
22
52
20
84
34
14
38
30
1
77
62
32
34
29
66
17
79
67
86
47
16
26
86
5
92
5
95
96
48
38
16
70
8
4
81
84
22
73
58
35
86
56
6
35
52
66
33
21
89
0
63
10
9
31
21
1
21
4
36
85
71
55
35
86
1
48
77
28
81
41
52
0
16
79
40
98
41
37
64
76
84
7
12
1
9
47
99
78
8
24
65
56
13
54
53
35
83
73
0
48
25
4
89
37
32
72
53
60
47
95
9
46
99
88
80
68
36
72
43
32
36
17
84
15
61
43
92
93
99
81
45
93
24
74
75
46
14
83
45
5
88
42
48
6
72
7
72
98
12
68
67
7
20
62
3
54
21
68
18
55
74
24
98
23
82
0
14
95
41
92
1
46
52
17
61
2
87
87
26
74
82
48
6
79
53
61
31
43
50
12
72
84
17
66
29
28
39
68
26
48
10
29
87
32
41
78
10
99
44
44
14
16
67
14
98
41
12
60
67
4
36
0
40
1
28
13
49
3
24
0
4
13
8
94
28
37
59
71
73
48
45
85
81
68
58
58
42
95
35
49
71
10
21
61
69
53
85
56
30
97
35
7
68
45
2
95
29
25
64
24
85
15
57
4
48
71
74
79
38
77
56
1
58
3
18
67
31
54
17
40
80
88
84
41
68
33
9
24
22
68
8
8
47
83
9
67
5
0
29
68
44
49
84
8
21
74
2
34
44
25
37
13
92
55
4
61
76
38
21
1
67
31
55
78
76
7
22
64
85
80
29
26
22
92
37
6
17
91
85
27
10
71
31
31
2
41
96
7
90
77
63
68
79
52
75
72
86
91
38
79
51
91
78
26
51
69
62
23
70
18
63
16
39
68
47
30
7
30
5
55
97
42
34
73
29
26
27
33
15
26
70
33
43
3
14
66
6
40
77
9
16
34
76
11
37
35
86
92
76
35
80
95
9
69
50
39
4
91
37
99
93
63
86
98
86
29
16
33
86
4
50
9
93
15
52
1
2
2
20
75
54
71
75
45
76
96
48
39
99
31
31
24
92
89
83
57
3
99
44
3
78
42
17
13
69
19
38
47
77
32
77
74
47
41
77
84
3
77
17
97
22
67
15
87
78
62
17
43
86
57
65
17
76
6
4
22
2
18
59
54
68
51
77
88
4
0
85
62
71
37
30
18
28
63
1
91
63
67
12
71
46
90
9
22
55
30
2
60
62
38
65
95
85
56
25
40
84
36
22
53
77
36
14
73
28
63
41
46
72
60
33
92
15
25
66
67
41
79
72
37
77
75
86
45
49
89
96
41
56
16
8
58
80
74
91
88
53
76
78
8
15
48
79
10
70
18
16
41
30
33
83
7
35
47
41
94
68
6
98
30
96
39
20
81
74
77
8
55
31
83
88
8
80
90
31
8
34
9
85
27
58
47
81
96
22
85
62
78
32
77
50
95
65
71
24
24
48
68
76
32
59
95
18
67
39
91
10
61
77
14
44
48
55
7
51
72
37
35
73
96
17
9
17
44
26
47
87
90
1
14
60
84
55
55
0
0
66
58
46
21
99
27
60
99
30
0
23
92
14
31
79
42
73
74
74
78
85
44
18
30
97
77
90
17
28
71
25
84
78
28
55
35
98
82
76
59
58
44
64
97
27
27
49
56
54
6
44
27
5
27
50
18
47
12
6
61
74
81
15
45
70
46
70
45
66
49
98
48
24
38
17
84
54
1
52
51
21
4
2
25
12
23
0
86
43
70
42
94
52
37
63
82
38
56
80
25
27
47
36
19
53
10
90
77
87
62
68
95
72
91
73
50
94
57
47
63
71
7
8
81
76
61
50
57
49
16
26
81
13
72
12
42
66
37
48
5
23
97
57
29
15
26
3
58
95
21
21
88
38
64
20
1
82
39
43
59
23
48
9
26
73
92
54
61
80
57
59
87
54
24
97
94
88
34
10
7
59
21
42
93
57
57
98
63
40
61
40
75
32
6
58
66
96
43
80
58
68
78
50
51
77
63
79
85
48
32
4
14
67
83
35
46
5
2
66
55
95
68
81
97
44
7
65
16
46
48
19
50
42
43
82
30
59
33
62
55
6
40
40
63
3
41
54
34
15
92
67
66
29
18
42
3
39
40
10
8
72
93
84
49
91
20
28
55
98
55
26
99
95
13
30
44
37
9
68
41
25
77
7
89
92
38
