5
16
96
6
8
47
5
17
37
48
24
13
25
43
82
52
65
53
42
51
9
37
44
31
73
23
18
32
56
22
75
85
68
40
32
16
7
92
45
84
64
73
35
57
50
56
24
18
61
72
56
46
55
96
97
71
39
56
84
67
38
29
76
45
7
17
42
59
73
33
71
93
19
57
57
58
24
45
26
52
24
91
80
94
69
62
69
42
40
90
92
70
95
71
22
85
25
29
49
43
80
52
36
69
63
3
62
64
38
81
30
40
46
29
3
31
35
19
50
7
65
35
11
80
42
54
5
4
37
4
47
65
89
10
40
95
74
70
19
41
82
22
89
17
96
32
71
87
21
20
85
50
81
95
45
62
93
58
79
20
83
42
91
75
58
41
87
25
67
56
75
65
66
35
96
50
53
53
21
14
64
9
58
8
57
68
70
73
87
51
5
16
78
35
13
68
37
22
59
80
98
68
73
57
75
46
26
96
89
64
23
6
44
32
31
98
70
73
33
76
1
89
1
13
38
31
33
32
53
36
55
44
43
62
11
31
43
20
26
61
4
5
30
18
57
42
3
36
85
45
69
52
83
43
75
93
35
9
10
43
62
25
60
61
73
44
62
14
78
79
32
41
89
97
2
35
55
74
20
86
2
35
76
82
13
22
12
81
57
70
27
20
50
48
38
97
13
73
71
7
45
41
55
39
47
49
47
26
74
9
5
70
4
85
85
20
88
44
67
33
27
12
72
57
6
75
97
12
78
63
12
58
27
1
62
0
71
24
66
61
7
26
24
76
91
79
40
82
59
71
81
55
40
47
33
38
10
95
38
18
95
81
22
13
80
79
55
73
99
78
61
22
74
94
1
91
53
99
17
98
52
21
36
6
67
73
41
21
96
46
46
83
18
62
33
16
95
78
7
80
53
74
50
89
66
63
36
69
28
82
7
39
25
53
37
93
43
87
43
19
50
21
54
31
9
80
74
1
18
11
21
38
20
17
26
68
75
34
82
35
87
23
66
52
15
5
88
97
50
13
9
17
46
21
6
41
11
16
79
17
64
77
84
91
85
30
52
79
12
83
8
50
63
35
79
86
41
36
60
67
54
15
67
93
73
63
55
73
38
29
33
42
17
94
12
11
68
31
55
19
71
31
89
47
28
60
61
18
28
10
41
94
50
78
38
23
57
12
85
90
57
32
79
65
60
12
89
18
52
45
11
12
14
34
84
51
52
42
55
10
76
85
55
29
54
50
14
16
38
46
14
61
10
22
71
0
91
65
64
51
19
38
39
19
98
17
79
80
16
46
10
3
23
38
73
48
35
86
67
36
79
14
68
91
76
26
32
1
34
26
13
35
54
69
27
17
59
88
71
19
2
90
74
42
88
79
22
50
70
45
83
0
90
6
1
83
50
15
85
65
93
51
56
7
18
75
17
4
47
8
96
77
80
33
33
90
73
39
20
88
63
88
40
46
12
31
53
58
28
15
61
52
10
93
49
62
10
82
61
89
91
50
45
18
91
87
76
87
60
47
95
33
76
29
31
64
22
5
14
67
45
28
8
98
13
17
27
99
18
9
67
45
17
3
75
92
88
97
34
40
68
39
80
37
37
40
84
88
1
79
55
23
55
72
33
66
85
82
35
37
88
76
42
5
96
32
35
49
8
42
15
51
0
48
30
85
55
50
72
26
78
60
55
40
59
90
69
78
48
23
94
70
35
70
20
92
47
96
92
18
79
99
49
88
18
30
57
10
1
46
42
12
25
34
20
85
71
85
54
64
85
43
77
23
24
17
63
95
83
40
62
82
75
71
37
18
34
1
64
96
47
67
83
71
85
6
8
95
27
40
59
16
76
98
89
53
61
97
15
49
65
25
12
41
53
10
91
91
63
87
62
71
90
2
2
12
38
12
9
27
47
78
78
74
36
46
23
29
61
26
85
27
51
84
6
43
83
87
60
44
47
61
86
21
18
29
9
30
69
66
52
48
4
93
33
13
75
67
20
85
14
10
5
18
72
17
42
34
45
1
80
53
64
11
73
28
17
51
83
81
60
55
76
38
23
2
13
2
59
23
3
45
30
39
13
9
18
25
55
16
31
57
1
76
25
52
4
48
68
10
0
54
91
38
31
33
2
61
28
6
23
86
72
8
15
39
53
82
11
6
50
60
74
98
3
59
49
26
82
71
95
91
47
66
90
98
35
44
24
20
13
42
65
75
7
17
50
18
26
3
1
9
18
95
66
8
70
69
76
5
24
86
5
92
78
33
21
6
10
26
