60
13
15
18
38
83
7
2
91
77
82
15
27
29
19
82
91
33
23
49
80
39
48
78
66
59
84
52
40
26
20
89
61
55
56
41
96
82
19
69
87
43
91
44
40
96
83
59
93
22
18
90
51
17
17
50
92
98
13
5
52
40
71
82
52
30
21
80
74
94
10
64
99
33
26
28
25
17
87
59
76
27
29
46
71
16
89
38
95
22
57
7
97
8
12
90
98
89
86
77
82
8
39
76
6
47
84
78
78
54
60
94
69
91
47
69
56
63
70
25
18
51
1
54
80
70
51
6
27
98
22
54
77
6
63
0
4
89
93
65
20
62
86
3
90
30
77
3
86
10
45
38
86
13
25
22
86
53
96
21
90
13
18
24
0
59
1
89
81
9
94
21
8
47
83
40
39
28
80
76
27
73
34
56
56
14
25
19
99
13
62
30
63
70
7
15
39
64
46
54
12
41
81
74
10
85
23
51
72
31
15
34
18
49
13
81
21
43
61
56
44
0
13
59
26
97
60
30
67
26
88
16
54
69
22
47
43
11
85
88
66
61
53
95
79
79
14
56
91
75
46
80
55
94
67
52
64
96
71
52
48
42
86
85
73
74
39
80
55
7
39
51
36
24
14
49
79
21
60
44
89
35
45
79
7
5
12
48
85
81
23
55
81
23
6
2
67
79
38
95
7
94
68
68
61
9
18
74
63
97
10
23
46
39
15
56
18
80
0
2
22
99
22
82
21
37
3
20
62
27
7
63
67
61
23
81
33
56
31
29
17
30
57
75
30
14
76
34
0
46
22
79
58
64
95
58
5
7
64
40
24
16
20
59
74
23
51
59
52
3
39
76
54
66
35
1
8
43
93
89
12
58
96
41
87
44
69
46
69
35
79
17
12
23
63
22
80
13
3
34
66
5
56
48
58
14
88
89
49
89
37
78
85
78
67
38
19
65
70
30
81
79
11
32
79
49
53
24
18
36
4
59
86
16
79
59
22
18
99
11
46
53
12
63
95
6
41
42
73
49
3
10
16
24
88
23
26
59
11
81
49
17
19
96
75
50
73
95
44
21
47
91
43
30
91
23
7
76
19
7
26
15
57
94
54
59
9
40
94
31
12
40
89
13
89
80
50
92
36
39
29
68
99
93
43
36
57
89
45
1
34
75
11
82
27
6
97
25
51
74
24
2
59
93
49
92
87
63
9
69
44
29
65
2
85
69
98
26
51
53
65
25
34
60
6
6
70
9
51
88
95
62
27
88
72
91
98
9
37
61
85
37
32
74
38
24
15
28
63
18
79
9
31
80
33
44
11
29
92
38
37
10
28
85
32
38
98
27
95
91
83
10
61
74
27
62
83
5
10
38
19
24
17
73
55
74
86
6
36
55
70
88
7
19
82
82
91
76
24
12
74
37
16
66
17
57
56
95
15
24
44
95
32
81
68
23
1
15
84
88
89
74
93
32
39
7
74
85
81
44
34
47
8
23
42
12
75
91
12
69
10
56
11
35
69
8
60
3
21
76
83
30
47
35
75
29
3
56
26
9
98
86
97
55
92
74
64
39
45
53
94
9
51
76
20
76
30
28
81
65
94
29
63
80
7
50
43
11
92
39
54
0
92
50
12
92
24
68
53
37
64
77
45
98
69
20
6
0
71
76
93
62
48
65
93
48
74
37
13
55
61
42
66
60
19
64
22
91
27
78
93
47
39
27
65
63
47
1
68
43
62
97
13
93
59
73
54
35
34
15
75
94
47
41
57
99
60
77
68
70
88
34
27
57
11
15
60
2
96
75
88
90
63
52
31
7
63
62
45
55
72
39
47
74
54
26
51
46
37
56
71
41
30
99
77
1
56
93
27
85
5
68
54
79
92
0
44
32
47
26
21
15
43
90
44
32
2
28
13
82
74
22
56
96
91
57
16
45
38
65
22
88
15
3
28
22
92
63
39
60
94
57
51
13
81
98
69
2
52
29
99
43
61
99
87
79
9
31
76
55
73
73
53
91
31
13
99
34
35
19
8
83
52
37
40
12
52
93
51
38
34
37
95
84
66
23
38
90
50
37
59
22
88
5
57
85
42
81
20
15
0
74
47
54
14
2
15
26
96
90
12
7
65
82
70
76
50
24
0
54
41
65
99
87
66
19
76
14
14
62
93
79
20
7
80
20
42
88
85
48
57
60
75
27
33
96
37
62
84
1
15
37
55
65
72
13
75
29
59
41
91
18
93
71
94
41
54
14
52
4
12
23
15
95
24
15
16
95
91
57
