67
47
65
43
65
6
52
61
66
50
73
7
35
71
94
23
26
76
91
25
66
64
75
40
12
61
14
56
74
3
82
73
53
15
92
64
45
53
30
34
30
4
79
14
0
68
22
98
68
85
30
55
84
29
5
77
68
47
24
26
76
73
69
26
76
57
3
40
12
15
6
90
69
53
21
33
12
43
76
45
96
19
75
3
85
74
97
40
70
19
2
57
48
3
41
13
97
70
32
72
39
13
49
43
55
87
74
77
44
90
33
1
39
45
68
35
58
32
66
38
86
50
17
23
60
97
25
51
30
61
48
66
26
63
90
75
80
82
63
92
74
75
95
87
83
40
75
31
7
71
50
9
39
32
31
17
93
70
85
58
39
85
36
97
91
60
79
21
94
85
43
63
42
84
48
81
70
35
71
26
79
99
26
57
53
25
15
49
89
7
86
52
91
79
88
51
61
81
67
83
39
85
84
95
69
8
49
3
53
93
93
94
69
22
73
46
8
86
5
87
4
87
81
97
69
95
14
95
92
16
90
72
64
56
49
63
41
72
76
5
75
82
57
98
99
74
18
9
59
22
85
64
14
88
92
19
40
92
77
34
78
39
67
50
13
45
67
16
51
69
46
0
12
7
5
30
7
5
34
37
14
77
81
32
9
38
23
4
12
80
28
46
39
9
74
83
9
4
2
54
0
38
48
15
54
17
56
44
21
70
54
31
86
67
17
30
37
61
2
1
32
22
92
74
3
30
73
48
73
25
94
67
64
75
6
11
5
39
71
48
68
39
85
98
14
62
24
77
78
40
18
66
8
51
82
93
94
13
66
81
42
91
66
2
43
31
1
77
26
44
76
90
1
7
44
21
48
45
63
25
7
33
83
22
52
75
21
49
11
84
49
71
96
31
72
50
8
13
25
62
3
98
54
94
34
93
92
14
4
46
22
61
94
41
83
51
79
24
28
47
35
5
30
6
5
91
36
4
0
5
60
70
3
96
9
71
42
75
62
87
41
14
26
63
7
61
22
90
71
58
18
79
81
78
60
87
43
9
51
50
28
35
27
14
39
73
93
72
9
17
74
34
85
21
92
15
18
72
13
75
72
4
11
27
67
18
40
85
21
49
59
44
14
33
67
75
37
54
86
36
75
65
18
35
5
72
20
96
27
82
60
8
11
47
8
84
83
97
7
8
59
55
18
29
59
4
3
7
66
45
26
66
86
16
69
47
4
90
82
48
14
12
37
0
65
86
91
78
75
66
74
66
52
17
67
64
70
75
66
79
31
34
44
37
81
95
81
93
55
72
70
43
10
28
50
20
41
13
52
2
27
37
29
81
37
95
67
29
24
76
33
46
34
84
65
58
12
16
50
4
87
22
44
10
96
19
46
94
10
75
95
92
16
37
3
82
95
56
91
79
67
37
48
84
13
3
33
2
7
46
82
36
70
17
1
63
71
11
45
59
74
9
87
91
59
96
5
73
44
71
79
45
87
48
64
62
18
39
24
65
42
61
73
17
93
33
77
20
12
61
64
13
96
22
14
15
28
82
98
93
81
45
80
74
41
6
70
85
51
41
7
56
40
85
61
57
27
36
63
52
2
42
63
69
2
58
80
27
7
13
97
23
39
98
15
87
31
70
66
47
71
94
6
54
38
56
35
84
5
62
65
55
24
14
52
11
75
69
76
89
53
91
52
51
76
52
68
47
26
56
46
4
99
36
60
42
94
4
76
49
95
77
79
38
87
97
98
26
0
46
76
47
42
48
80
58
24
6
9
23
52
59
81
1
78
75
70
8
12
11
67
81
60
56
86
84
86
83
76
2
35
82
73
14
21
48
2
13
11
36
0
22
56
37
10
35
57
66
26
61
29
92
51
90
91
74
77
49
70
91
1
15
90
37
89
80
49
97
63
9
47
29
72
42
21
85
26
63
60
57
39
22
49
64
43
2
35
70
54
74
58
86
62
28
21
34
66
59
61
1
21
4
41
60
36
19
52
95
89
80
85
81
87
37
85
54
33
94
11
33
77
31
63
7
2
97
79
51
17
49
89
93
92
63
53
0
60
3
76
37
26
47
13
49
20
89
85
2
74
18
20
56
71
43
13
36
53
87
94
99
99
18
55
50
92
5
13
70
97
73
38
36
49
56
3
37
78
95
90
68
91
82
79
11
51
32
76
46
97
70
60
99
7
65
83
58
12
78
49
56
4
99
97
79
93
8
66
54
53
33
86
2
25
90
38
47
74
49
7
49
74
20
72
15
28
10
24
89
12
30
