11
83
44
1
28
70
9
18
25
30
49
45
79
56
67
7
46
13
73
25
66
98
82
23
63
72
92
59
55
38
10
75
11
31
79
99
3
32
45
45
88
66
95
72
71
73
16
72
35
34
13
88
71
22
61
80
35
8
62
15
13
37
67
32
24
24
10
11
26
7
81
32
68
20
1
35
30
50
50
15
88
92
97
77
70
61
63
11
1
56
42
20
87
33
72
1
14
35
0
99
44
84
43
36
44
38
95
84
0
65
44
58
98
3
7
65
70
22
39
41
66
16
67
66
28
22
57
26
93
39
78
73
50
4
80
87
41
59
64
71
19
91
80
21
86
4
15
50
20
71
63
67
16
71
2
33
97
8
80
81
18
85
89
66
47
53
0
83
83
26
51
49
9
17
80
98
0
5
43
1
83
75
97
73
46
85
23
82
88
51
80
99
80
85
60
9
71
63
27
93
42
35
35
20
25
99
39
97
59
84
98
83
40
71
61
25
37
46
50
47
22
61
65
91
16
0
89
90
76
67
82
58
87
1
56
63
53
9
32
33
77
56
19
29
48
78
51
92
0
32
54
42
95
85
34
3
15
72
41
11
89
95
47
36
5
21
84
47
19
63
21
47
69
98
58
84
69
21
38
18
99
46
83
39
43
86
85
57
49
27
39
17
66
62
76
20
39
64
83
67
80
10
24
92
96
16
38
59
5
97
75
14
53
27
2
20
31
71
59
85
32
27
40
35
79
98
86
8
51
52
81
46
67
95
59
54
98
45
87
26
52
22
82
32
41
74
96
93
24
91
67
41
69
77
64
60
97
3
82
92
80
38
47
65
55
65
72
48
41
30
63
78
56
55
19
6
24
95
49
15
95
11
9
51
91
54
6
26
85
90
63
10
33
69
95
37
84
38
40
26
11
49
3
0
54
40
31
92
27
29
0
92
73
24
99
78
21
18
88
84
22
32
42
73
90
70
43
55
32
8
15
72
87
29
95
62
81
92
77
49
49
49
95
70
81
57
64
22
14
75
98
33
88
14
66
7
58
88
67
95
79
68
1
97
70
85
77
53
23
64
29
90
44
1
89
60
57
57
68
7
34
90
68
95
64
21
44
79
27
46
17
65
10
66
82
63
38
40
8
82
58
16
12
5
49
88
41
27
92
70
4
77
62
92
73
67
80
5
65
86
20
80
53
73
72
30
97
26
48
84
66
2
59
74
1
92
37
38
46
25
18
71
10
66
11
2
63
77
31
59
40
58
64
67
54
33
29
64
86
73
68
85
9
72
96
31
21
82
76
0
67
87
15
70
99
19
20
47
88
73
15
34
90
32
66
4
12
60
83
6
91
95
3
46
90
1
5
91
3
90
10
12
75
53
60
60
78
90
12
9
49
14
53
99
42
50
98
46
14
3
85
89
74
9
82
50
2
35
42
68
33
57
22
40
30
25
77
86
69
17
95
79
1
27
41
22
54
14
67
69
44
75
11
17
13
84
5
99
49
86
44
62
42
66
44
8
20
24
30
96
26
13
53
12
25
68
64
38
9
42
6
94
97
79
85
10
31
59
80
60
71
77
14
1
14
32
74
7
11
71
69
55
81
39
31
73
3
42
46
10
12
49
45
34
86
83
77
80
20
3
3
19
21
9
14
42
79
52
16
54
81
37
62
84
17
0
99
38
11
21
93
26
66
21
20
95
70
57
4
90
47
23
91
38
78
72
79
84
33
14
51
88
7
69
24
52
76
44
77
51
63
96
81
44
71
40
21
71
62
48
7
46
37
89
15
98
59
69
35
7
13
26
60
27
81
97
84
32
79
16
39
20
89
80
65
88
31
66
10
56
10
91
54
1
43
59
26
41
27
12
66
26
50
3
48
55
93
17
25
26
6
1
14
54
63
8
68
20
1
52
5
24
34
39
20
27
31
47
30
37
98
77
2
16
54
51
24
82
84
40
47
99
75
11
70
52
11
35
73
98
24
8
30
65
52
19
16
60
56
97
38
0
58
8
73
97
84
15
22
66
13
46
53
38
20
84
95
27
76
98
77
25
64
50
92
2
12
57
57
42
35
77
29
50
85
36
10
37
34
75
24
78
72
55
52
45
9
27
67
69
7
96
35
59
66
72
14
76
13
31
59
5
26
23
78
21
6
9
40
92
77
32
42
46
56
41
57
25
72
68
60
37
45
86
50
53
53
26
72
69
19
50
12
11
68
25
5
52
1
73
18
42
71
6
69
52
48
13
65
51
73
90
59
55
60
23
38
76
30
13
