22
55
4
4
45
94
40
31
12
1
73
65
25
31
53
94
84
13
40
96
49
69
6
57
2
94
19
81
37
44
32
91
53
37
41
28
30
2
49
29
6
34
41
25
32
13
21
48
93
71
52
89
27
50
34
15
71
30
95
2
6
18
52
77
17
29
46
21
51
1
34
70
87
62
60
73
17
42
10
39
88
72
79
66
4
11
29
36
62
16
15
5
89
69
4
33
89
77
97
32
55
9
39
66
79
76
61
45
65
69
83
46
73
76
97
55
12
72
81
10
58
70
46
29
18
74
19
59
9
88
87
8
80
32
54
27
44
94
18
73
14
21
53
10
2
73
3
55
73
53
13
40
79
50
19
16
94
32
81
59
6
28
48
51
56
55
18
51
91
9
71
20
30
98
26
10
85
82
87
31
62
3
28
85
69
75
13
47
86
16
88
51
73
38
0
33
60
12
70
47
35
54
91
61
47
78
61
24
34
53
4
3
0
52
98
41
23
16
61
38
33
26
98
12
52
63
51
59
24
19
2
15
52
42
97
64
65
8
57
69
53
65
86
61
97
43
78
8
27
48
54
35
66
68
41
83
86
94
91
55
51
84
52
11
31
23
59
16
78
22
78
11
99
50
46
33
8
91
55
50
16
52
66
32
22
90
68
33
71
59
20
56
76
34
60
1
30
41
58
73
52
40
61
95
68
96
91
90
45
75
63
64
86
85
32
57
27
82
80
52
72
99
75
79
24
10
78
8
81
89
50
6
52
60
40
44
72
55
60
8
61
92
81
80
7
29
74
60
74
97
30
65
15
6
8
36
43
14
20
63
60
32
11
47
96
62
51
7
24
31
4
38
79
74
45
7
52
33
31
78
60
53
47
47
55
58
24
9
70
51
41
94
71
25
95
76
64
50
55
68
31
8
10
4
0
43
15
95
46
59
90
7
18
34
88
95
84
42
71
70
97
14
58
28
1
88
43
72
25
58
23
49
89
30
0
67
2
84
5
50
44
17
78
81
92
69
19
79
61
27
34
47
56
23
33
70
46
22
25
95
77
31
8
48
58
89
96
76
21
2
96
24
39
88
15
67
5
42
49
62
36
82
8
88
68
4
74
32
77
11
83
68
81
54
76
61
49
67
53
33
40
86
97
93
5
23
8
56
77
33
49
79
99
96
89
90
39
72
71
41
42
41
64
56
97
38
98
75
56
34
13
82
95
21
41
68
91
39
27
12
0
9
60
95
56
82
3
82
51
32
77
66
39
70
21
8
58
36
37
8
31
7
80
71
30
24
41
43
41
43
10
38
84
48
11
62
41
33
39
51
18
7
70
91
10
5
76
70
70
39
21
51
63
19
3
16
54
79
22
81
66
63
35
87
79
32
55
32
83
24
77
82
27
52
8
46
40
86
56
0
9
33
80
7
77
64
78
98
90
50
61
5
24
34
90
12
51
67
38
37
33
4
65
85
7
74
55
55
49
79
50
3
11
18
43
44
11
8
54
73
6
88
80
39
50
74
85
78
30
51
12
94
72
46
30
33
5
31
93
12
67
96
88
74
13
76
61
51
49
54
86
96
35
52
41
85
31
19
24
58
88
40
80
10
94
28
57
12
71
19
19
11
76
43
21
53
75
96
10
22
14
72
18
44
79
99
28
13
88
1
37
44
95
57
76
81
25
28
95
68
84
43
71
83
33
83
85
37
29
22
61
9
11
13
50
0
18
84
75
56
81
54
1
22
34
99
83
56
80
7
98
52
3
35
13
60
47
35
38
33
62
56
35
33
69
31
59
23
66
6
30
17
97
71
37
87
8
14
12
75
63
82
21
67
91
15
46
40
97
78
49
4
80
24
71
29
31
96
23
74
17
56
90
0
30
66
38
3
49
84
26
46
7
65
46
99
45
49
99
98
2
50
88
22
71
73
15
71
49
70
81
21
30
72
26
7
47
39
84
81
78
79
85
44
19
74
31
77
9
13
1
9
2
38
97
40
91
43
4
15
65
58
3
88
56
79
85
62
80
65
67
40
42
40
42
65
4
21
80
60
58
35
11
37
30
85
36
22
35
21
97
65
49
15
67
71
6
59
34
44
50
12
80
1
69
51
70
68
70
20
96
50
40
81
88
35
16
25
34
73
93
13
13
1
59
47
46
48
93
38
8
44
95
37
12
94
14
40
35
1
28
4
54
87
66
34
80
81
28
23
12
93
17
80
38
13
94
3
20
22
3
93
8
19
39
16
3
6
45
88
10
54
71
36
31
0
40
91
88
60
