61
38
7
2
53
98
64
29
86
74
53
67
36
89
47
32
13
24
88
16
24
44
9
8
99
30
46
70
46
12
2
0
26
38
9
51
18
89
98
83
6
46
40
0
50
17
93
36
5
40
98
31
63
23
9
54
18
11
75
34
86
92
54
66
6
64
40
98
84
99
11
72
89
62
7
8
61
84
31
79
84
62
46
18
73
70
60
14
88
93
99
37
17
40
25
52
84
13
17
98
93
98
22
62
81
26
32
82
7
34
81
30
83
1
30
33
10
45
39
73
93
72
74
62
42
80
32
37
88
85
29
47
24
54
16
72
15
48
41
17
60
39
68
81
61
48
45
41
82
99
5
89
21
23
77
32
27
2
17
60
8
82
4
80
28
35
11
76
3
66
65
77
59
25
8
43
28
32
39
60
60
62
82
77
32
59
94
94
73
19
89
45
17
87
43
37
28
55
62
12
70
98
27
89
93
16
81
82
38
23
31
72
56
49
63
74
66
54
70
37
12
49
19
78
42
31
60
28
66
43
40
69
78
62
4
21
83
4
77
34
85
92
77
16
12
95
74
58
43
7
15
50
85
49
15
8
0
44
65
74
64
25
95
26
36
45
48
83
57
93
25
34
97
85
37
45
66
71
14
68
8
43
75
79
8
22
2
8
11
54
43
32
48
59
82
71
85
15
23
33
96
75
63
59
90
31
82
25
53
41
42
41
13
90
14
59
11
33
85
25
78
39
49
33
78
95
11
86
90
6
9
5
14
86
12
22
65
3
33
58
32
3
24
67
59
10
2
35
38
58
67
45
78
14
30
50
4
34
4
58
10
78
99
10
88
25
38
43
31
13
18
68
24
88
97
41
4
90
98
43
74
97
57
80
51
98
27
25
17
97
55
58
13
48
66
24
35
51
73
15
42
59
97
4
4
96
71
34
65
10
62
10
68
39
71
55
94
58
64
70
46
40
31
15
99
87
38
57
38
61
18
45
5
52
13
30
45
22
38
67
66
18
26
85
11
96
7
65
41
12
55
70
69
18
18
32
14
97
91
33
21
65
69
78
44
87
48
25
70
19
32
50
38
48
23
28
46
94
11
25
44
27
21
34
78
59
30
54
86
17
34
50
13
67
1
18
97
3
6
23
47
94
25
29
74
65
53
22
68
48
87
9
45
18
90
51
54
90
62
49
7
32
65
28
95
76
2
98
7
62
75
40
80
45
59
47
70
58
82
84
57
68
84
78
32
1
86
80
84
93
58
38
98
14
45
81
75
99
17
4
17
89
22
93
69
57
69
61
57
16
54
98
49
59
98
12
13
21
84
86
93
50
25
96
22
63
37
75
27
95
70
84
16
56
48
71
60
63
34
95
46
88
61
91
42
6
0
78
53
15
34
73
64
81
61
54
76
75
74
2
73
32
95
6
53
63
8
18
82
18
16
88
22
49
64
83
4
94
96
9
32
86
49
44
92
68
0
46
4
85
61
38
7
6
35
65
44
68
83
92
32
31
79
3
41
51
4
13
10
22
44
0
82
28
2
89
94
26
82
40
42
52
62
74
5
3
88
96
33
76
15
32
66
34
14
96
13
30
7
62
50
60
64
1
32
17
48
49
21
23
94
98
11
1
25
66
83
93
97
36
68
82
11
80
42
67
26
50
58
49
63
66
14
95
73
13
50
75
25
8
1
77
67
66
78
7
76
3
36
19
9
89
74
91
33
53
27
83
98
70
8
36
49
5
58
37
82
18
75
46
39
85
26
73
42
32
43
28
71
11
98
59
22
41
62
71
75
50
19
7
23
52
29
4
2
38
10
79
49
33
8
28
78
30
71
67
10
67
38
28
2
26
69
39
6
35
72
42
11
26
39
65
4
85
71
91
4
92
4
47
47
86
50
33
64
57
69
86
29
57
77
89
58
54
51
92
49
93
89
4
12
83
54
2
64
1
52
64
24
49
1
55
80
34
41
97
2
17
83
29
14
62
89
52
77
48
81
46
90
72
60
8
34
35
42
13
65
8
43
85
17
75
5
25
8
68
84
27
66
10
86
85
21
83
86
72
62
3
18
89
46
20
28
84
70
83
8
23
69
53
83
44
56
82
20
59
84
1
35
1
54
60
89
82
59
27
37
26
64
4
78
9
20
84
12
46
22
94
17
98
33
58
16
60
74
65
50
84
49
73
70
33
26
22
89
79
27
13
62
36
45
77
49
14
90
5
43
83
29
83
94
77
4
37
35
2
49
62
95
60
27
69
78
71
47
30
63
24
47
55
